[cars.jpg]
filters=finetune2=1,0.000000,0.000000,0.000000,00000000,0.918129;radblur=1,0.520000,0.267974,-0.614035,0.000000;
moddate=9303b75e8977d001
width=300
height=153
textactive=0
